11111111111100111111111111
10000100000100100000100001
10000100000111100000100001
10000100000100100000100001
11111111111100111111111111
10000100100000000100100001
10000100100000000100100001
11111100111100111100111111
00100100000100100000100100
00100100000100100000100100
11100111111111111111100111
10000100100000000100100001
10000100100000000100100001
11111100100000000100111111
10000100100000000100100001
10000100100000000100100001
11100100111111111100100111
00100100100000000100100100
00100100100000000100100100
11111111111111111111111111
10000100000100100000100001
10000100000100100000100001
11100111111100111111100111
00100100100000000100100100
00100100100000000100100100
11111100111100111100111111
10000100000100100000100001
10000100000100100000100001
11111111111111111111111111